0.658155676747645 0.0001 5.959065136947031
0.7097174020823005 9.997532801828658e-05 5.099507538352426
0.7368551587301587 9.990133642141359e-05 4.652063777127604
0.7589285714285714 9.977809823015401e-05 4.316490802239246
0.7803668815071889 9.96057350657239e-05 4.11369887064761
0.8024293505205751 9.938441702975689e-05 3.904944536254162
0.8127480158730159 9.911436253643445e-05 3.69073194406164
0.8137400793650794 9.879583809693738e-05 3.6068251733704817
0.8301933564700049 9.842915805643155e-05 3.4010207587339747
0.8392857142857143 9.801468428384716e-05 3.3091100200893373
0.8472222222222222 9.755282581475769e-05 3.087697911450243
0.84375 9.704403844771128e-05 3.211738667150182
0.8517600396628656 9.648882429441257e-05 3.0067794820455114
0.8453148239960337 9.588773128419906e-05 3.0197412019639502
0.8650793650793651 9.524135262330098e-05 2.85093744861798
0.8624194348041646 9.45503262094184e-05 2.797721411768846
0.8691125433812593 9.381533400219318e-05 2.7035216665643405
0.8707837301587301 9.30371013501972e-05 2.623396711086664
0.872583044124938 9.221639627510076e-05 2.530375004753353
0.883242439266237 9.135402871372808e-05 2.4909838348861753
0.8750619732275657 9.045084971874738e-05 2.5434079522222985
0.888448190381755 8.950775061878452e-05 2.3191225279973247
0.8877045116509668 8.852566213878947e-05 2.4393378815313023
0.8883928571428571 8.750555348152298e-05 2.365570640470099
0.8946455131383242 8.644843137107059e-05 2.2037776351913694
0.8970734126984127 8.535533905932738e-05 2.191074278645628
0.8943452380952381 8.422735529643444e-05 2.1904619059224766
0.8963807635101636 8.306559326618259e-05 2.1705803674037063
0.8983134920634921 8.18711994874345e-05 2.1000599546695318
0.9020337301587301 8.064535268264883e-05 2.0725946107248623
0.9080317302925136 7.938926261462367e-05 1.8950745536117104
0.9114583333333334 7.810416889260655e-05 1.852523982759536
0.9114583333333334 7.679133974894983e-05 1.9327977585980272
0.9169558750619732 7.545207078751857e-05 1.7672929402411452
0.9060485870104115 7.408768370508576e-05 1.8414762543411705
0.9176995537927616 7.269952498697734e-05 1.7549970088981268
0.9193948412698413 7.128896457825364e-05 1.667062961210416
0.9201784828953892 6.985739453173903e-05 1.66357189276087
0.9231150793650794 6.840622763423391e-05 1.5220681785598515
0.9271194843827466 6.693689601226458e-05 1.5302114068992494
0.9288194444444444 6.545084971874738e-05 1.4573014080524445
0.9315815567674764 6.394955530196147e-05 1.4586968816171482
0.935515873015873 6.243449435824273e-05 1.3955656635010336
0.9387704511650967 6.090716206982714e-05 1.3857445073878671
0.9310857709469509 5.9369065729286245e-05 1.4605419368255796
0.9387704511650967 5.782172325201155e-05 1.2698167290274553
0.9365394149727317 5.626666167821523e-05 1.2681037654557565
0.9439484126984127 5.4705415665925717e-05 1.1891280717737094
0.9454635597421914 5.313952597646568e-05 1.1966195383409814
0.9434804164600893 5.157053795390642e-05 1.2508271247383178
0.9481903817550819 5e-05 1.1572227081445259
0.9377788795240456 4.8429462046093585e-05 1.262314987698878
0.9516369047619048 4.6860474023534335e-05 1.0612362611481523
0.9449404761904762 4.529458433407429e-05 1.1321418954162148
0.9528769841269841 4.3733338321784795e-05 1.0491473742826718
0.9491819533961329 4.217827674798846e-05 1.088325682822175
0.9526289682539683 4.0630934270713774e-05 1.0792926747029221
0.9499007936507936 3.9092837930172884e-05 1.0682891670643815
0.9578373015873016 3.756550564175726e-05 0.9300644822477355
0.9565972222222222 3.605044469803854e-05 0.9631970231457958
0.9561011904761905 3.454915028125264e-05 1.0241484555203144
0.9613095238095238 3.3063103987735433e-05 0.8657647988458318
0.9610808130887457 3.159377236576612e-05 0.9094309267096632
0.9670138888888888 3.0142605468260964e-05 0.8054886936672091
0.9593253968253969 2.8711035421746367e-05 0.9028118109609199
0.9623202776400595 2.7300475013022663e-05 0.8262387671339231
0.9625496031746031 2.591231629491423e-05 0.9236682341324063
0.9603371343579573 2.4547929212481435e-05 0.8845973195522789
0.9699900793650794 2.3208660251050158e-05 0.7431823653498972
0.9680218145761031 2.1895831107393467e-05 0.8051024175535036
0.9642857142857143 2.061073738537635e-05 0.8339530623803927
0.9709965294992563 1.935464731735117e-05 0.700666813634512
0.9675260287555776 1.8128800512565513e-05 0.7692816698645043
0.9712301587301587 1.6934406733817414e-05 0.722800161190859
0.9774305555555556 1.5772644703565565e-05 0.6097421211989846
0.9759543877045117 1.4644660940672627e-05 0.6405829407098725
0.9784333168071393 1.3551568628929434e-05 0.6302741059637446
0.9774417451660883 1.2494446518477022e-05 0.6347863883014739
0.9779265873015873 1.1474337861210543e-05 0.5867096976501736
0.9734623015873016 1.049224938121548e-05 0.6519670850179327
0.9756944444444444 9.549150281252633e-06 0.6555709378925834
0.9766865079365079 8.645971286271914e-06 0.6069846960503286
0.9754586018839861 7.783603724899257e-06 0.6206445175362384
0.9739712444224096 6.962898649802812e-06 0.6432493303235122
0.9779375309866137 6.184665997806821e-06 0.6253624687513967
0.9789291026276649 5.449673790581611e-06 0.5785756205010602
0.9749503968253969 4.758647376699032e-06 0.6695411310890528
0.9806547619047619 4.112268715800954e-06 0.5423341705573825
0.9771825396825397 3.511175705587433e-06 0.6337834683459574
0.9794248884481904 2.9559615522887273e-06 0.5859419252928786
0.9843827466534457 2.4471741852423237e-06 0.5251719057559967
0.9821428571428571 1.9853157161528523e-06 0.5678103962751824
0.9811507936507936 1.570841943568452e-06 0.5663650793822732
0.9816468253968254 1.2041619030626339e-06 0.5749587630193065
0.9794146825396826 8.85637463565564e-07 0.5567062250741823
0.9759543877045117 6.15582970243117e-07 0.6113547187621199
0.980406746031746 3.9426493427611177e-07 0.5506998274739333
0.9774417451660883 2.219017698460002e-07 0.5984034709573731
0.9771938522558254 9.866357858642205e-08 0.6321225415064594
0.9821517104610809 2.467198171342e-08 0.5649033360124573
